2 0 0 0 0 9 9 9 9 9 0 0 0 0 0 1 0 0 0 0 9 9 9 9 9 0 0 0 0 7 
0 0 0 0 9 8 7 6 4 2 9 0 0 0 0 0 0 0 0 9 5 5 5 5 6 9 0 0 0 0 
0 0 0 9 8 7 6 4 2 1 1 9 0 0 0 0 0 0 9 5 1 1 1 3 5 7 9 0 0 0 
0 0 9 8 7 6 4 2 1 1 1 1 9 0 0 0 0 9 5 1 0 0 0 1 3 5 7 9 0 0 
0 9 8 7 6 4 2 1 1 1 1 1 1 9 0 0 9 7 5 1 0 0 0 1 1 3 5 7 9 0 
9 8 7 6 4 2 1 1 1 1 1 1 1 1 9 9 8 6 3 1 0 0 1 1 1 1 3 5 7 9 
0 9 8 7 6 4 2 1 1 1 1 1 1 1 1 1 1 1 1 1 1 1 1 1 1 3 5 7 9 0 
0 0 9 8 7 6 4 2 1 1 1 1 1 1 1 1 1 1 1 1 1 1 1 1 3 5 7 9 0 0 
0 0 0 9 8 7 6 4 2 1 1 1 1 1 1 1 1 1 1 1 1 1 1 3 5 7 9 0 0 0 
0 0 0 0 9 8 7 6 4 2 1 1 1 1 1 1 1 1 1 1 1 1 3 5 7 9 0 0 0 0 
0 0 0 0 0 9 8 7 6 4 2 1 1 1 8 1 1 1 1 1 1 3 5 7 9 0 0 0 0 0 
0 0 0 0 0 0 9 8 7 6 4 2 1 1 1 1 1 1 1 1 3 5 7 9 0 0 0 0 0 0 
0 0 0 0 0 0 0 9 8 7 6 4 2 1 1 1 1 1 1 3 5 7 9 0 0 0 0 0 0 0 
0 0 0 0 0 0 0 0 9 8 7 6 4 2 1 1 1 1 3 5 7 9 0 0 0 0 0 0 0 0 
0 0 0 0 0 0 0 0 0 9 8 7 6 4 2 1 1 3 5 7 9 0 0 0 0 0 0 0 0 6 
0 0 0 0 0 0 0 0 0 0 9 8 7 6 4 2 3 5 7 9 0 0 0 0 0 0 0 0 0 0 
0 0 0 0 0 0 0 0 0 0 0 9 8 7 6 4 5 7 9 0 0 0 0 0 0 0 0 0 0 0 
0 0 0 0 0 0 0 0 0 0 0 0 9 8 7 6 7 9 0 0 0 0 0 0 0 0 0 0 0 0 
0 0 0 0 0 0 0 0 0 0 0 0 0 9 8 7 9 0 0 0 0 0 0 0 0 0 0 0 0 0 
4 0 0 0 0 2 8 0 0 0 0 0 0 0 9 9 0 0 0 0 0 0 0 0 0 0 0 0 0 8 